1584618 854024 2438642
6011217 3901312 9912529
3226726 1624786 4851512
9320394 6036412 15356806
8723814 4514449 13238263
1057707 7655444 8713151
841018 6353979 7194997
9864498 1701028 11565526
7395856 2288135 9683991
1504859 9953811 11458670
663874 9631496 10295370
5996556 221384 6217940
3526724 9057307 12584031
5397112 1499297 6896409
4724481 9242904 13967385
1893280 7920749 9814029
3176352 9725315 12901667
3101615 9209858 12311473
9741625 7122710 16864335
8659101 8138811 16797912
2176711 1475078 3651789
7999602 4278578 12278180
3574430 99700 3674130
4269422 5179891 9449313
919748 9436083 10355831
7059671 6937731 13997402
6546282 926569 7472851
2465502 4700071 7165573
9697772 4769453 14467225
5429148 6894078 12323226
1736665 9353563 11090228
7174097 2069120 9243217
8435392 778302 9213694
2186199 4851817 7038016
9413176 5390053 14803229
1261450 5840419 7101869
1650371 2813596 4463967
7308638 1482118 8790756
6088368 1737874 7826242
9395739 4980663 14376402
1388974 6778248 8167222
8971633 6742806 15714439
2658777 8245269 10904046
4063988 5859019 9923007
8433545 5661577 14095122
9905140 3668579 13573719
7766034 8028280 15794314
1839630 8274314 10113944
4562230 6603682 11165912
6747933 4318345 11066278
1692235 8068147 9760382
1100507 1987200 3087707
6031652 7868384 13900036
8306384 8385008 16691392
6897010 5588837 12485847
9835478 2272165 12107643
8313530 3856416 12169946
6679055 1060368 7739423
5255932 9997161 15253093
9590345 2883498 12473843
4102029 8657716 12759745
4411426 8320451 12731877
2577927 8738457 11316384
9534342 241673 9776015
1593416 6059046 7652462
4963302 2159351 7122653
2436983 7892600 10329583
9583321 5681796 15265117
2224878 116065 2340943
3927274 3174852 7102126
4015349 1117026 5132375
3287528 4835888 8123416
7887127 2655997 10543124
1396874 1732156 3129030
3193169 3530382 6723551
5625399 6561684 12187083
4379792 9402958 13782750
5138444 5847113 10985557
8496261 6255314 14751575
419987 2063251 2483238
2102244 3136792 5239036
4318116 3604577 7922693
7916019 2969919 10885938
6968941 8714215 15683156
951329 3228846 4180175
7923286 8393965 16317251
1648775 7632243 9281018
7790829 8545261 16336090
7073196 2662874 9736070
4136485 1827367 5963852
2204343 1627782 3832125
813892 9694461 10508353
5159706 3117857 8277563
7969078 6772029 14741107
7056797 7444061 14500858
3083411 3035516 6118927
4137914 6389353 10527267
1263071 3153664 4416735
3284529 9661053 12945582
4610637 3026544 7637181
1640757 9606179 11246936
7623608 8889137 16512745
6723183 4026722 10749905
7576005 9838874 17414879
3459729 3476531 6936260
2891618 3832997 6724615
8805785 2308294 11114079
6279746 4276968 10556714
6593220 389007 6982227
1048378 5643209 6691587
3880901 7744176 11625077
1489858 2129141 3618999
9168860 8977857 18146717
650879 3592888 4243767
4675914 4038529 8714443
1942692 1337964 3280656
4476499 9670838 14147337
4759248 8158847 12918095
4269284 6923160 11192444
5799833 4500822 10300655
723808 901627 1625435
9259557 966547 10226104
1802361 1637133 3439494
1369106 6920687 8289793
9078229 2492207 11570436
1554340 3445373 4999713
4682441 3897427 8579868
33863 1859577 1893440
958368 1246892 2205260
6706509 7498994 14205503
5265586 1107469 6373055
4425106 7329368 11754474
8237622 7884111 16121733
3147737 9228305 12376042
9702677 4567413 14270090
3796340 4036400 7832740
7647368 6838185 14485553
9720429 3247422 12967851
1506140 3636763 5142903
3347303 1058624 4405927
9616841 656614 10273455
1840434 2564465 4404899
3607093 799457 4406550
2051027 731324 2782351
7611513 73479 7684992
6292885 209048 6501933
2790182 908333 3698515
4329489 6383644 10713133
7995252 9180843 17176095
7315057 943035 8258092
6500144 9171394 15671538
2329396 1318912 3648308
9132360 1444192 10576552
3384634 7544561 10929195
2642626 4835692 7478318
3454310 5359549 8813859
3188677 3150230 6338907
1513083 9330719 10843802
3869318 6404423 10273741
6790765 8317040 15107805
363933 368436 732369
248912 4286405 4535317
1365013 3565194 4930207
9046628 7545766 16592394
7611149 2156281 9767430
8160222 9868403 18028625
2630290 3770502 6400792
3428284 7405179 10833463
1188529 9992742 11181271
9275612 5980431 15256043
2854276 3437093 6291369
6435612 6103362 12538974
1953345 2925554 4878899
825753 9252530 10078283
1793841 4030960 5824801
5165069 9631391 14796460
8953184 9186570 18139754
2608356 315770 2924126
8109140 4322918 12432058
963946 909773 1873719
2475427 9463235 11938662
165759 7790027 7955786
8755664 9566210 18321874
4735616 1330672 6066288
6730277 2626127 9356404
6879501 1919765 8799266
9250391 4395195 13645586
8686860 5663404 14350264
7449108 8893253 16342361
7077860 9750110 16827970
7365918 4419843 11785761
394946 310281 705227
6012887 2457657 8470544
4079388 5378156 9457544
3117306 4861417 7978723
7773946 6373219 14147165
7559707 3435841 10995548
4808224 3011084 7819308
9623812 524710 10148522
4962654 3107057 8069711
5367877 1707476 7075353
9059264 1658243 10717507
1829219 102344 1931563
5178000 7719713 12897713
9383826 1532060 10915886
2878538 157155 3035693
5463744 9297660 14761404
7571972 3916315 11488287
599337 4120641 4719978
6095541 8779386 14874927
4523514 4407618 8931132
2841780 5057422 7899202
5512632 2405548 7918180
4381631 7606564 11988195
1881352 9697682 11579034
6011318 5571661 11582979
5788726 4730080 10518806
8371002 9696821 18067823
1113157 6371947 7485104
2719331 7071383 9790714
4085400 9858116 13943516
5354092 2525937 7880029
9069556 6757000 15826556
8738613 6800606 15539219
1905335 433265 2338600
1853342 969703 2823045
5917958 6572199 12490157
4749125 2475219 7224344
8318792 7273717 15592509
5102015 4935568 10037583
6869898 2942377 9812275
6865167 2412754 9277921
686720 6069469 6756189
9524048 4793226 14317274
6665222 4424874 11090096
5252246 3863304 9115550
9015450 2260533 11275983
8694289 4225703 12919992
1298204 2866438 4164642
724996 3897263 4622259
1275891 5639787 6915678
4477802 3045381 7523183
1637553 8005796 9643349
4811454 1468897 6280351
9122448 6065658 15188106
8031813 1576568 9608381
2877435 4872505 7749940
7880131 940690 8820821
1848761 8368009 10216770
869858 1320955 2190813
7447853 1259979 8707832
333265 8702249 9035514
7652684 2703089 10355773
544659 4121236 4665895
8209619 4930958 13140577
1635486 3080141 4715627
9929406 8505468 18434874
537292 6948547 7485839
3881827 9273802 13155629
5705725 163375 5869100
6264859 935561 7200420
523687 6224990 6748677
1719201 4876925 6596126
5136107 9423521 14559628
7574042 6048995 13623037
942644 6891385 7834029
6509238 356675 6865913
3459729 1615311 5075040
5343352 8178866 13522218
1004620 1474608 2479228
62282 6333076 6395358
9612209 297624 9909833
8652536 3975161 12627697
1264104 4185748 5449852
2908025 6824104 9732129
1672147 6916862 8589009
2120731 3357775 5478506
6460838 5819609 12280447
3775114 684776 4459890
2515631 473509 2989140
1514157 5910592 7424749
6274603 5083703 11358306
6842638 5832075 12674713
6658960 4816995 11475955
6903960 4355842 11259802
9524023 6773870 16297893
7785737 4441760 12227497
1000913 4907002 5907915
1026160 2183352 3209512
2442827 1663627 4106454
6081857 4100738 10182595
3450027 3625950 7075977
3386740 7065330 10452070
3098924 6962154 10061078
5009664 71619 5081283
9784902 1349060 11133962
1393042 8090730 9483772
8557084 9950981 18508065
940472 1777147 2717619
9368207 3554286 12922493
624532 5932509 6557041
9226313 4233381 13459694
7248926 806462 8055388
8183226 8149828 16333054
7273676 3843836 11117512
107581 7918941 8026522
3433907 4138101 7572008
1974889 8456361 10431250
7312692 6262448 13575140
3145295 1016001 4161296
552584 5162904 5715488
7499416 5373642 12873058
5329546 2839294 8168840
7499380 696324 8195704
6556002 3393094 9949096
9706897 8740163 18447060
5295249 4473353 9768602
7581947 3073351 10655298
8188498 667491 8855989
251885 7092727 7344612
656155 4478417 5134572
1762715 6305930 8068645
7462395 5542665 13005060
3267686 7612538 10880224
2297439 9048001 11345440
8790267 5286532 14076799
2960502 7822899 10783401
3249934 9386007 12635941
5855385 8042096 13897481
1775701 5612832 7388533
8285657 9783350 18069007
9639075 5939416 15578491
7008997 3717377 10726374
174708 5437456 5612164
2159515 4165868 6325383
7638079 692740 8330819
91303 1977374 2068677
9889975 9278112 19168087
2210226 972509 3182735
6691848 1270347 7962195
1783894 4808085 6591979
3584346 8926014 12510360
897537 6791853 7689390
8759624 1688724 10448348
994302 8240205 9234507
2489185 1300734 3789919
9549535 2268546 11818081
520522 6609886 7130408
2003902 8035384 10039286
4215673 846621 5062294
4312662 1046065 5358727
5749417 7667181 13416598
8415061 8038177 16453238
583074 9113871 9696945
7854639 276378 8131017
4494491 8531899 13026390
2632485 4114970 6747455
3786975 5163679 8950654
1922422 7353861 9276283
913821 7594131 8507952
8432379 8933593 17365972
76718 6246745 6323463
5577216 5031066 10608282
2119915 8062957 10182872
8089450 6694686 14784136
2399831 8501661 10901492
6497656 3096556 9594212
8301007 5695563 13996570
5920596 9801000 15721596
1789826 2071493 3861319
1429793 9020234 10450027
2421004 2729552 5150556
7811738 1499108 9310846
8916725 9401823 18318548
8938633 3451323 12389956
2013213 8775244 10788457
7825457 3213138 11038595
3351734 3498391 6850125
8892604 3341323 12233927
8064062 4123298 12187360
5587890 6512024 12099914
6018644 7722094 13740738
3631493 7360882 10992375
6643070 943477 7586547
8725267 6122535 14847802
447759 686995 1134754
6844654 57836 6902490
2760394 6317091 9077485
3613784 9495846 13109630
1602714 3704749 5307463
7159887 2879764 10039651
5850197 9442090 15292287
1382077 7222874 8604951
5055274 2774270 7829544
4420654 218571 4639225
4281112 8187568 12468680
2072275 8476100 10548375
5590235 9955987 15546222
164695 3498021 3662716
4687670 6194221 10881891
6221880 2983932 9205812
3884958 8868023 12752981
3265902 5676995 8942897
4723724 6063343 10787067
2332777 4521989 6854766
9093424 4237217 13330641
9768115 8425014 18193129
6303347 5143704 11447051
5613617 7561141 13174758
331999 7017799 7349798
8972720 4320455 13293175
5607924 6679745 12287669
3225275 3770527 6995802
193364 2446466 2639830
7687490 9304827 16992317
9427266 9571674 18998940
1815537 2227419 4042956
9636628 4633042 14269670
1084900 5993317 7078217
622385 7595292 8217677
5357828 2884308 8242136
4866926 5798394 10665320
9956370 7718815 17675185
3145263 1829485 4974748
736981 7560329 8297310
3989842 4183739 8173581
1672693 6026284 7698977
8990633 2831577 11822210
1349075 4141526 5490601
4362841 4200255 8563096
7374086 3502097 10876183
3739006 7865415 11604421
4204943 757259 4962202
6537153 7866808 14403961
5558805 1630076 7188881
4023397 7473380 11496777
8627338 5291757 13919095
462163 283134 745297
5395732 3680070 9075802
7756291 5465315 13221606
5097623 7539231 12636854
5372838 9828285 15201123
7600327 4878228 12478555
2727861 9318569 12046430
2274212 244492 2518704
9998920 6961587 16960507
458681 6998930 7457611
9592293 7119960 16712253
24649 9121902 9146551
1872428 3984979 5857407
8517337 2695230 11212567
9046243 9480847 18527090
3019897 5881140 8901037
2473266 4894161 7367427
8155310 4916494 13071804
9769433 2137815 11907248
7259966 1892071 9152037
4696954 4586435 9283389
7267217 3506375 10773592
1192720 6409258 7601978
7939566 2843382 10782948
8291900 4077354 12369254
4466726 6304531 10771257
6272107 6924268 13196375
4705246 9921730 14626976
515880 1305075 1820955
2716691 944319 3661010
9944520 8689111 18633631
5935814 4539229 10475043
9626281 4885197 14511478
6335906 3794121 10130027
9142926 1414840 10557766
4018069 5083414 9101483
7611409 9124845 16736254
5838286 8767069 14605355
1546313 377834 1924147
6961035 4030264 10991299
9091776 6635356 15727132
9125409 602364 9727773
9528738 8241392 17770130
8375585 3481544 11857129
2850916 1292019 4142935
4215348 313734 4529082
2080279 7263284 9343563
2269443 3557728 5827171
7847766 6750874 14598640
6972033 5414166 12386199
4806931 4419690 9226621
376742 80226 456968
2908332 9551683 12460015
5367206 9630477 14997683
1346825 634554 1981379
7331444 4232410 11563854
5251884 7536129 12788013
4665197 6903614 11568811
441340 8235633 8676973
7302345 1026527 8328872
8150767 1608323 9759090
3107466 5414469 8521935
3478197 3453390 6931587
7351268 2551700 9902968
1785935 6630012 8415947
3803896 7286748 11090644
2240896 5215163 7456059
2227056 5514220 7741276
2486881 9872859 12359740
7421569 3728795 11150364
877386 5827001 6704387
2965761 1971954 4937715
5032864 3919175 8952039
5359650 3226222 8585872
3021011 5937050 8958061
9242604 6432431 15675035
3571719 9979330 13551049
3993342 9462087 13455429
9043328 9953679 18997007
4261792 2203332 6465124
7221317 3189448 10410765
4761668 161038 4922706
5705579 5336486 11042065
237250 1923304 2160554
5197940 6094700 11292640
4528266 5210046 9738312
5483213 7885853 13369066
783827 1823348 2607175
1222432 7284833 8507265
9670845 7005107 16675952
6632022 4246469 10878491
6700261 6360684 13060945
8904368 4668053 13572421
7337324 371739 7709063
1634795 4664780 6299575
1138 61072 62210
5440013 4430312 9870325
5253146 4272445 9525591
2755313 4866493 7621806
6583343 5769182 12352525
2302957 6307869 8610826
5048714 3388124 8436838
9003117 8557295 17560412
5424741 9066954 14491695
3904104 7019787 10923891
1821309 562344 2383653
2909295 5867235 8776530
8954780 4475224 13430004
838898 7278233 8117131
6986431 4185877 11172308
2651388 5623975 8275363
6513482 4240549 10754031
731629 3332716 4064345
1292021 1939522 3231543
9365000 2390693 11755693
6674368 3506260 10180628
7117192 7434340 14551532
1752909 979169 2732078
6685601 1495249 8180850
8836210 6027596 14863806
5679239 6698538 12377777
5601877 4281159 9883036
2698159 6591949 9290108
9925517 8144213 18069730
7092441 6908367 14000808
2741387 9760941 12502328
2652268 9558877 12211145
5184317 9530099 14714416
2221677 5532945 7754622
5358176 8116337 13474513
4441970 5597874 10039844
5089685 2200749 7290434
771487 2524015 3295502
386432 7109650 7496082
3984769 727858 4712627
1665567 4428217 6093784
912668 2351250 3263918
4340436 2376220 6716656
3843795 9623032 13466827
3325886 8452434 11778320
1540987 6355173 7896160
7963814 9640595 17604409
6313142 8218991 14532133
7156807 4900346 12057153
6193586 8029470 14223056
2629146 7335686 9964832
7424188 3745581 11169769
2636085 9286052 11922137
801579 6211116 7012695
8716269 3035225 11751494
8915806 1018776 9934582
5501964 6076734 11578698
7175647 1481404 8657051
264100 961133 1225233
8908644 9909526 18818170
4525770 2189741 6715511
7955537 6603901 14559438
6390498 3381772 9772270
4238017 2716388 6954405
9507778 3698496 13206274
2655993 8779604 11435597
3702143 5287399 8989542
451396 2796555 3247951
5022796 1388127 6410923
5586735 2334260 7920995
2974110 9788931 12763041
9789944 7412772 17202716
5267184 6221792 11488976
6378390 9199604 15577994
8345668 1291162 9636830
4879898 5425485 10305383
1952354 5111891 7064245
8751288 4091456 12842744
5050578 982704 6033282
4878017 6162809 11040826
3126323 8325345 11451668
9433894 1748706 11182600
3308907 584291 3893198
236767 2802286 3039053
7899215 5447248 13346463
2632753 1030373 3663126
8061169 7725682 15786851
3766183 3915980 7682163
4012327 3077752 7090079
787071 5110405 5897476
8137650 8188675 16326325
9758218 522165 10280383
1007646 2486704 3494350
2316160 3172831 5488991
3577090 2180112 5757202
6979474 2509294 9488768
7494822 3582910 11077732
9690488 5626018 15316506
3993809 1092304 5086113
9772433 794884 10567317
7658157 2332821 9990978
1767794 4950047 6717841
5301852 9037924 14339776
2974164 8426136 11400300
1597302 7892225 9489527
5209618 5033029 10242647
8191266 4387661 12578927
8904678 1532144 10436822
6808757 3465112 10273869
5309490 6178956 11488446
2612783 6579906 9192689
2441098 3663000 6104098
2785718 1895255 4680973
6914343 5944660 12859003
4369618 7683463 12053081
9162811 8885920 18048731
2752965 4574366 7327331
4013484 6901050 10914534
7491715 6647072 14138787
2220930 724026 2944956
1919928 7873160 9793088
7974994 2794750 10769744
3391800 7730992 11122792
3926650 2805396 6732046
3091765 1253592 4345357
4517082 4571611 9088693
3810131 810167 4620298
2463027 3262189 5725216
5503277 4933058 10436335
827161 9099586 9926747
3584755 3881165 7465920
2674019 4451334 7125353
9231121 2072500 11303621
769428 359919 1129347
4933491 9497973 14431464
2957100 5471608 8428708
1154440 433229 1587669
5502028 448822 5950850
8995649 2559537 11555186
7642120 9013048 16655168
2325485 2813952 5139437
8541086 4237727 12778813
6802795 1900045 8702840
7280713 9720170 17000883
3456336 9908592 13364928
3071585 3695958 6767543
760380 315779 1076159
7441962 4138144 11580106
9334529 9100178 18434707
4085789 8579793 12665582
1902964 243120 2146084
421101 2262812 2683913
8579669 1706233 10285902
2419009 4469785 6888794
6262939 3282917 9545856
6784256 7794556 14578812
7037819 9168351 16206170
6399005 430865 6829870
7527877 9529616 17057493
3621506 812746 4434252
1507857 9868414 11376271
2436283 2941622 5377905
6710211 6605164 13315375
692028 1475586 2167614
5667321 2644280 8311601
3919804 9804609 13724413
9863259 9014048 18877307
6565073 3018990 9584063
3279352 6014781 9294133
9430935 8944471 18375406
1910204 557251 2467455
5893415 2858188 8751603
4428641 496686 4925327
8240938 88630 8329568
577543 5951513 6529056
972847 742507 1715354
385990 7682828 8068818
9599002 5743166 15342168
6134444 1742068 7876512
5535863 5446015 10981878
2221877 748031 2969908
5554882 6709778 12264660
4435858 5550487 9986345
4122496 1854506 5977002
9022817 7891635 16914452
4614900 1664226 6279126
1941148 6115619 8056767
4514773 5177721 9692494
2372843 1031380 3404223
6499560 3848967 10348527
7914848 4934624 12849472
6898182 2524432 9422614
561267 371334 932601
4797934 3795892 8593826
7204314 2378118 9582432
4911223 2119617 7030840
7476680 5528511 13005191
5011288 4567450 9578738
2215934 1891733 4107667
9467681 7788799 17256480
7760880 5004089 12764969
1583155 7401551 8984706
8687919 6539066 15226985
9409858 312142 9722000
4541533 9508788 14050321
6434672 8799683 15234355
6764659 8455136 15219795
8043749 329362 8373111
5754561 8299437 14053998
5288801 8767724 14056525
7022559 224698 7247257
7326900 6652877 13979777
655819 631765 1287584
5547797 3680893 9228690
6414412 8083875 14498287
9628130 7334696 16962826
6631997 4438263 11070260
2791037 198977 2990014
4308605 2212878 6521483
8988822 7434043 16422865
5518698 1526964 7045662
7730792 5993179 13723971
5036883 3750792 8787675
2707298 6694647 9401945
9658905 4318519 13977424
3364411 9593470 12957881
6851206 6345753 13196959
3877656 2624213 6501869
6150325 1991090 8141415
6406347 2181591 8587938
3352136 2619101 5971237
6759194 9592693 16351887
3703571 1578327 5281898
1823728 6486206 8309934
2455449 5152209 7607658
8712506 2036307 10748813
6307517 7451773 13759290
1310398 9084788 10395186
4662719 413480 5076199
5769123 5099571 10868694
4050869 5902403 9953272
2408337 2018585 4426922
2051327 5927225 7978552
4981773 3039675 8021448
3887267 4393089 8280356
797881 8586436 9384317
3874123 8297533 12171656
4813724 2034930 6848654
4656112 8702316 13358428
376850 8204594 8581444
7374231 2054924 9429155
9496045 4402650 13898695
6180675 4460069 10640744
2943413 3371830 6315243
6881807 8685792 15567599
2765736 7894668 10660404
8639518 7235346 15874864
8482250 8157434 16639684
232306 1696872 1929178
452181 7123004 7575185
3118324 469393 3587717
3155937 4996722 8152659
2144852 661880 2806732
6431385 9788513 16219898
7472436 9510499 16982935
1933628 1900138 3833766
9398209 4664888 14063097
4934051 7532769 12466820
927964 6782848 7710812
3338947 8828840 12167787
1718916 4860960 6579876
5276703 6876206 12152909
708588 5521069 6229657
918174 6180632 7098806
9846400 5773640 15620040
9471069 1019519 10490588
1959224 1389921 3349145
953706 3938744 4892450
3196391 7939505 11135896
1499146 567918 2067064
2273864 8962789 11236653
6520574 5811270 12331844
4815067 3443872 8258939
3352448 1497978 4850426
1932369 8108152 10040521
2077231 5191499 7268730
845613 4365262 5210875
9319743 7227563 16547306
5032962 8801280 13834242
489109 4496977 4986086
2023889 4834435 6858324
4813130 2651908 7465038
6921821 4548230 11470051
9802539 2027816 11830355
4976689 2747966 7724655
9533271 8948128 18481399
7373970 4900757 12274727
4482793 5734236 10217029
7087863 4140419 11228282
8617725 5813838 14431563
7485336 9264065 16749401
8214950 7082645 15297595
9991734 6925874 16917608
332 6033862 6034194
8279795 1061299 9341094
616022 4990561 5606583
5724039 5048817 10772856
1317847 1396629 2714476
4979923 4121554 9101477
2194051 9241602 11435653
5548158 3368102 8916260
3271289 5163028 8434317
7724889 5258264 12983153
9888068 2604721 12492789
3569040 1965527 5534567
8168532 1643276 9811808
9778496 4657773 14436269
9920514 9173090 19093604
7042812 4521567 11564379
9978158 8367994 18346152
687178 9110130 9797308
1606212 354290 1960502
9966084 830391 10796475
2251956 5219122 7471078
8463841 9004004 17467845
3826269 4957258 8783527
3378012 5076110 8454122
9364462 230900 9595362
3817387 2861432 6678819
9853582 8464759 18318341
2765072 65882 2830954
605427 8650414 9255841
5513195 4434397 9947592
9624301 1372737 10997038
4682015 9200089 13882104
2370915 9414457 11785372
167722 5404165 5571887
2007389 8699390 10706779
4067012 2948302 7015314
1209573 8928141 10137714
455444 992024 1447468
3124 7490179 7493303
1589439 5885853 7475292
3715113 1379544 5094657
7872793 5293535 13166328
1782521 5346838 7129359
5621502 5001250 10622752
9080001 5468044 14548045
916532 6936046 7852578
8877383 8507516 17384899
4848017 8904052 13752069
4953 9823481 9828434
2087814 813708 2901522
5272371 4783135 10055506
7830629 8490571 16321200
6568865 4626036 11194901
6360135 9374120 15734255
9467454 6315889 15783343
8159719 3987367 12147086
1160487 7251128 8411615
1980781 6052756 8033537
8215338 9436677 17652015
9934140 734771 10668911
7337065 7024446 14361511
3103293 1154273 4257566
3979439 884695 4864134
9862267 4084331 13946598
8541324 1896441 10437765
162597 8861046 9023643
5252693 2015757 7268450
3735048 1303956 5039004
293985 8213633 8507618
7601894 8123909 15725803
6165600 2936358 9101958
7920487 3453317 11373804
8512531 483669 8996200
6802373 4222349 11024722
351755 3439165 3790920
1574550 861492 2436042
636155 5529151 6165306
1836632 1037485 2874117
6354056 4812128 11166184
9738870 7060559 16799429
770836 3138933 3909769
700039 6959325 7659364
9210285 5340977 14551262
7568299 5952891 13521190
2636804 7133775 9770579
8947273 79068 9026341
2496677 8505631 11002308
5948872 3912523 9861395
4776628 5140810 9917438
745131 7989241 8734372
5448996 6466912 11915908
9903121 9749153 19652274
4546482 4327869 8874351
5823133 4355486 10178619
9524492 131228 9655720
4140343 6428554 10568897
4453052 9007106 13460158
3373108 9782879 13155987
3890654 4051601 7942255
4747382 3867630 8615012
5632675 7593782 13226457
1083232 3181349 4264581
9167551 4762094 13929645
2364068 8608411 10972479
9482674 7459377 16942051
5935917 7659928 13595845
2427168 3547572 5974740
4750819 9618714 14369533
84496 2310394 2394890
5681969 3447676 9129645
832041 7012738 7844779
8833933 35602 8869535
8957925 6096543 15054468
6304614 6374190 12678804
329883 7113951 7443834
7011845 1929262 8941107
4615466 5849488 10464954
9472140 2290181 11762321
1570621 2100049 3670670
3140835 2017992 5158827
7608473 4146464 11754937
2908722 3054520 5963242
6795238 6760086 13555324
7104355 1224409 8328764
1966192 4852861 6819053
2880437 7391197 10271634
2788012 2610020 5398032
4241857 5982297 10224154
5623879 2910529 8534408
835187 4587372 5422559
8367739 7772169 16139908
4900242 9688134 14588376
6833769 434800 7268569
9136181 6785717 15921898
2226143 1775915 4002058
7893414 2597796 10491210
5425152 7660654 13085806
729581 3709370 4438951
3057090 827893 3884983
7501447 5800421 13301868
9141145 633123 9774268
2272728 59143 2331871
3341223 2808172 6149395
7316104 2769632 10085736
6479807 8511441 14991248
4708226 3233685 7941911
7854922 2517903 10372825
9827831 2909249 12737080
3009049 2688488 5697537
4449857 2608784 7058641
8216118 9236959 17453077
4270478 385340 4655818
6365117 5579934 11945051
9860791 2483773 12344564
7592266 7722799 15315065
4005362 2046642 6052004
6338756 2880298 9219054
6794255 9018255 15812510
598299 9315560 9913859
2532533 3044827 5577360
123564 9284958 9408522
9780104 3797334 13577438
1872296 6549138 8421434
8220548 5058610 13279158
4368940 9658016 14026956
