0 1 0.2 
0 2 0.2 
0 3 0.2 
1 3 0.2 
2 3 0.2 
1
1
1
1 2 0.2 
1
1
1
1
0 3 0.16 
0.96
0.96
0 2 0.16 
0 3 0.16 
0.92
0.92
1 2 0.2 
0.96
0.96
0.96
0.96
0 1 0.16 
0.92
0.92
0.92
1 2 0.2 
1 3 0.2 
2 3 0.2 
1
1
1
1 2 0.16 
0.96
0.96
0.96
0.96
0 3 0.2 
1
1
2 2 0.8 
2 3 0.2 
1.6
1.6
1.6
3 2 0.2 
1.6
1.6
1.6
2 1 0.2 
1.6
1.6
1.6
1.6
1 2 0.16 
1.56
1.56
1.56
1.56
1 1 0.2 
1 2 0.16 
0.96
0.96
0.96
0.96
2 1 0.2 
1
1
1
1
1 0 0.2 
1
1
1
0 1 0.16 
0.96
0.96
0.96
0 2 0.16 
0 3 0.2 
0.96
0.96
1 2 0.16 
0.92
0.92
0.92
0.92
0 1 0.16 
0.92
0.92
0.92
0 1 0.16 
0 2 0.16 
0 3 0.2 
0.92
0.92
1 2 0.2 
0.92
0.92
0.92
0.92
0 1 0.128 
0.848
0.848
0.848
1 1 0.2 
1 2 0.2 
0.96
0.96
0.96
0.96
2 1 0.2 
0.96
0.96
0.96
0.96
1 0 0.2 
0.96
0.96
0.96
0 1 0.128 
0.888
0.888
0.888
0 0 0.2 
0 1 0.128 
0.888
0.888
0.888
1 0 0.2 
0.96
0.96
0.96
1 1 0.2 
1 2 0.2 
1 3 0.2 
2 3 0.2 
1
1
1
1 2 0.16 
0.96
0.96
0.96
0.96
0 3 0.2 
1
1
2 2 0.8 
2 3 0.2 
1.6
1.6
1.6
3 2 0.2 
1.6
1.6
1.6
2 1 0.2 
1.6
1.6
1.6
1.6
1 2 0.16 
1.56
1.56
1.56
1.56
1 1 0.16 
1 2 0.16 
0.92
0.92
0.92
0.92
2 1 0.2 
0.96
0.96
0.96
0.96
1 0 0.2 
0.96
0.96
0.96
0 1 0.16 
0.92
0.92
0.92
0 2 0.2 
0 3 0.2 
1
1
1 2 0.16 
0.96
0.96
0.96
0.96
0 1 0.16 
0.96
0.96
0.96
2 1 0.2 
2 2 0.8 
2 3 0.2 
1.6
1.6
1.6
3 2 0.2 
1.6
1.6
1.6
2 1 0.16 
1.56
1.56
1.56
1.56
1 2 0.2 
1.6
1.6
1.6
1.6
3 1 0.8 
3 2 0.2 
1.6
1.6
1.6
3 0 0.2 
1.6
1.6
2 1 0.16 
1.56
1.56
1.56
1.56
2 0 0.2 
2 1 0.16 
0.96
0.96
0.96
0.96
3 0 0.2 
1
1
1 0 0.2 
1
1
1
1 1 0.16 
1 2 0.2 
0.96
0.96
0.96
0.96
2 1 0.16 
0.92
0.92
0.92
0.92
1 0 0.2 
0.96
0.96
0.96
0 1 0.16 
0.92
0.92
0.92
1 0 0.2 
1 1 0.16 
1 2 0.2 
0.96
0.96
0.96
0.96
2 1 0.2 
0.96
0.96
0.96
0.96
1 0 0.16 
0.92
0.92
0.92
0 1 0.16 
0.92
0.92
0.92
2 0 0.2 
2 1 0.2 
1
1
1
1
3 0 0.2 
1
1
1 0 0.16 
0.96
0.96
0.96
0 0 0.2 
0 1 0.16 
0.96
0.96
0.96
1 0 0.16 
0.96
0.96
0.96
0 1 0.16 
0 2 0.2 
0 3 0.2 
0.96
0.96
1 2 0.2 
0.96
0.96
0.96
0.96
0 1 0.128 
0.888
0.888
0.888
1 1 0.16 
1 2 0.2 
0.92
0.92
0.92
0.92
2 1 0.2 
0.92
0.92
0.92
0.92
1 0 0.2 
0.92
0.92
0.92
0 1 0.128 
0.848
0.848
0.848
0 0 0.2 
0 1 0.128 
0.888
0.888
0.888
1 0 0.2 
0.96
0.96
0.96
0 0 0.2 
0 1 0.16 
0 2 0.2 
0 3 0.2 
0.96
0.96
1 2 0.2 
0.96
0.96
0.96
0.96
0 1 0.128 
0.888
0.888
0.888
1 1 0.2 
1 2 0.2 
0.96
0.96
0.96
0.96
2 1 0.2 
0.96
0.96
0.96
0.96
1 0 0.2 
0.96
0.96
0.96
0 1 0.128 
0.888
0.888
0.888
0 0 0.16 
0 1 0.128 
0.848
0.848
0.848
1 0 0.2 
0.92
0.92
0.92
1 0 0.2 
1 1 0.2 
1 2 0.2 
1
1
1
1
2 1 0.2 
1
1
1
1
1 0 0.16 
0.96
0.96
0.96
0 1 0.16 
0.96
0.96
0.96
2 0 0.2 
2 1 0.2 
1
1
1
1
3 0 0.2 
1
1
1 0 0.16 
0.96
0.96
0.96
0 0 0.16 
0 1 0.16 
0.92
0.92
0.92
1 0 0.16 
0.92
0.92
0.92
1 0 0.2 
1 1 0.2 
1 2 0.2 
1 3 0.2 
2 3 0.2 
1
1
1
1 2 0.16 
0.96
0.96
0.96
0.96
0 3 0.2 
1
1
2 2 0.8 
2 3 0.2 
1.6
1.6
1.6
3 2 0.2 
1.6
1.6
1.6
2 1 0.2 
1.6
1.6
1.6
1.6
1 2 0.16 
1.56
1.56
1.56
1.56
1 1 0.16 
1 2 0.16 
0.92
0.92
0.92
0.92
2 1 0.2 
0.96
0.96
0.96
0.96
1 0 0.16 
0.92
0.92
0.92
0 1 0.2 
0.96
0.96
0.96
0 2 0.2 
0 3 0.2 
1
1
1 2 0.16 
0.96
0.96
0.96
0.96
0 1 0.2 
1
1
1
2 1 0.2 
2 2 0.8 
2 3 0.2 
1.6
1.6
1.6
3 2 0.2 
1.6
1.6
1.6
2 1 0.16 
1.56
1.56
1.56
1.56
1 2 0.2 
1.6
1.6
1.6
1.6
3 1 0.8 
3 2 0.2 
1.6
1.6
1.6
3 0 0.2 
1.6
1.6
2 1 0.16 
1.56
1.56
1.56
1.56
2 0 0.2 
2 1 0.16 
0.96
0.96
0.96
0.96
3 0 0.2 
1
1
1 0 0.16 
0.96
0.96
0.96
1 1 0.16 
1 2 0.2 
0.96
0.96
0.96
0.96
2 1 0.16 
0.92
0.92
0.92
0.92
1 0 0.16 
0.92
0.92
0.92
0 1 0.2 
0.96
0.96
0.96
1 0 0.16 
1 1 0.16 
1 2 0.2 
0.92
0.92
0.92
0.92
2 1 0.2 
0.92
0.92
0.92
0.92
1 0 0.128 
0.848
0.848
0.848
0 1 0.2 
0.92
0.92
0.92
2 0 0.2 
2 1 0.2 
0.96
0.96
0.96
0.96
3 0 0.2 
0.96
0.96
1 0 0.128 
0.888
0.888
0.888
0 0 0.2 
0 1 0.2 
0.96
0.96
0.96
1 0 0.128 
0.888
0.888
0.888
0 1 0.2 
0 2 0.2 
0 3 0.2 
1
1
1 2 0.2 
1
1
1
1
0 1 0.16 
0.96
0.96
0.96
1 1 0.16 
1 2 0.2 
0.96
0.96
0.96
0.96
2 1 0.2 
0.96
0.96
0.96
0.96
1 0 0.16 
0.92
0.92
0.92
0 1 0.16 
0.92
0.92
0.92
0 0 0.2 
0 1 0.16 
0.96
0.96
0.96
1 0 0.16 
0.96
0.96
0.96
2 0 0.2 
2 1 0.2 
2 2 0.8 
2 3 0.2 
1.6
1.6
1.6
3 2 0.2 
1.6
1.6
1.6
2 1 0.16 
1.56
1.56
1.56
1.56
1 2 0.2 
1.6
1.6
1.6
1.6
3 1 0.8 
3 2 0.2 
1.6
1.6
1.6
3 0 0.2 
1.6
1.6
2 1 0.16 
1.56
1.56
1.56
1.56
2 0 0.16 
2 1 0.16 
0.92
0.92
0.92
0.92
3 0 0.2 
0.96
0.96
1 0 0.16 
0.92
0.92
0.92
1 1 0.2 
1 2 0.2 
1
1
1
1
2 1 0.16 
0.96
0.96
0.96
0.96
1 0 0.16 
0.96
0.96
0.96
0 1 0.2 
1
1
1
3 0 0.2 
3 1 0.8 
3 2 0.2 
1.6
1.6
1.6
3 0 0.16 
1.56
1.56
2 1 0.2 
1.6
1.6
1.6
1.6
2 0 0.16 
2 1 0.2 
0.96
0.96
0.96
0.96
3 0 0.16 
0.92
0.92
1 0 0.16 
0.92
0.92
0.92
1 0 0.16 
1 1 0.2 
1 2 0.2 
0.96
0.96
0.96
0.96
2 1 0.2 
0.96
0.96
0.96
0.96
1 0 0.128 
0.888
0.888
0.888
0 1 0.2 
0.96
0.96
0.96
2 0 0.16 
2 1 0.2 
0.92
0.92
0.92
0.92
3 0 0.2 
0.92
0.92
1 0 0.128 
0.848
0.848
0.848
0 0 0.2 
0 1 0.2 
0.96
0.96
0.96
1 0 0.128 
0.888
0.888
0.888
0 0 0.2 
0 1 0.2 
0 2 0.2 
0 3 0.2 
1
1
1 2 0.2 
1
1
1
1
0 1 0.16 
0.96
0.96
0.96
1 1 0.2 
1 2 0.2 
1
1
1
1
2 1 0.2 
1
1
1
1
1 0 0.16 
0.96
0.96
0.96
0 1 0.16 
0.96
0.96
0.96
0 0 0.16 
0 1 0.16 
0.92
0.92
0.92
1 0 0.16 
0.92
0.92
0.92
1 0 0.16 
1 1 0.2 
1 2 0.2 
0.96
0.96
0.96
0.96
2 1 0.2 
0.96
0.96
0.96
0.96
1 0 0.128 
0.888
0.888
0.888
0 1 0.2 
0.96
0.96
0.96
2 0 0.2 
2 1 0.2 
0.96
0.96
0.96
0.96
3 0 0.2 
0.96
0.96
1 0 0.128 
0.888
0.888
0.888
0 0 0.16 
0 1 0.2 
0.92
0.92
0.92
1 0 0.128 
0.848
0.848
0.848
Case #1: 1.600000
