100
25 25
641 251 846 609 819 108 854 640 626 90 430 865 440 975 910 415 757 46 741 17 723 742 970 951 689
121 851 594 96 677 59 825 191 602 138 323 769 366 247 631 452 733 877 558 58 820 501 418 784 348
872 410 347 470 266 578 592 73 946 918 583 220 337 129 916 196 278 724 848 21 716 694 427 55 308
197 370 93 155 328 201 453 144 725 931 848 317 403 718 630 64 776 142 91 305 199 330 570 961 388
21 571 307 379 320 177 370 292 473 875 670 196 52 455 684 482 244 413 849 776 253 931 812 126 882
34 459 622 866 270 543 491 512 313 494 984 499 104 845 141 332 759 728 194 356 568 964 677 50 639
343 310 92 607 927 725 816 995 642 109 682 980 775 946 971 431 786 446 653 174 32 304 862 587 653
622 362 198 787 797 533 227 930 299 662 499 976 301 689 594 428 673 714 266 331 996 979 526 219 719
306 934 676 837 565 10 774 342 774 445 237 75 667 369 746 736 113 518 473 425 867 861 191 558 949
237 273 225 439 809 898 982 166 40 687 695 898 37 556 351 704 199 882 878 674 262 241 306 232 48
811 249 770 401 80 316 495 91 876 828 380 740 687 254 25 622 208 539 997 321 960 898 15 166 837
189 108 192 555 481 375 98 50 807 427 244 16 609 64 959 500 581 257 619 499 736 874 844 343 298
335 590 927 829 817 674 34 971 450 305 982 596 765 356 425 93 184 255 107 379 699 843 933 840 465
620 833 793 622 676 525 672 41 866 545 660 351 963 228 292 479 435 379 340 474 673 953 133 32 133
812 183 947 749 498 528 255 714 253 43 715 157 31 534 778 991 143 62 259 183 304 363 795 840 197
271 541 81 533 396 20 824 958 216 448 698 623 162 591 338 498 475 573 689 398 731 204 462 249 477
774 331 519 186 507 757 440 502 13 652 872 71 47 811 561 810 209 433 336 676 387 685 833 394 458
522 553 411 835 274 549 523 428 229 228 697 325 620 706 959 845 373 965 220 540 517 230 242 506 692
10 983 926 289 260 468 162 500 52 112 19 523 350 179 325 270 475 729 800 342 147 398 743 588 558
191 119 599 635 991 991 127 571 386 862 81 131 675 420 24 59 969 812 618 946 568 389 178 380 332
566 481 200 988 545 433 203 377 501 220 7 419 981 728 126 593 428 286 377 924 56 345 156 168 277
697 6 764 364 831 571 471 525 732 761 487 5 720 543 8 835 155 564 602 602 724 799 178 458 463
320 593 982 467 664 530 475 445 777 986 983 208 809 575 277 580 83 841 309 836 161 868 374 581 837
401 496 452 398 81 6 358 971 70 403 539 440 834 986 750 664 350 447 542 386 457 257 672 975 139
924 293 855 606 65 155 864 304 102 602 945 171 474 22 504 390 399 158 167 327 888 509 669 715 52
16 16
196 694 684 912 970 71 389 341 754 133 184 963 821 478 353 898
800 207 257 379 801 900 486 648 283 168 486 216 131 817 934 112
561 432 509 333 113 507 210 727 613 960 632 637 203 40 473 231
786 880 51 739 392 797 106 651 957 48 750 24 60 796 596 956
880 921 301 491 117 27 488 494 491 34 775 49 200 266 16 164
299 395 375 968 47 141 175 419 545 612 725 906 570 81 317 809
228 257 61 781 317 978 62 342 366 980 710 875 147 804 642 557
218 193 974 768 227 394 928 716 895 223 327 337 659 82 479 520
412 931 76 507 17 893 824 326 676 4 35 384 319 674 478 240
755 262 985 517 610 106 223 572 981 955 448 660 414 424 565 312
507 736 190 198 969 367 428 332 727 777 888 704 554 662 480 603
260 779 347 585 859 739 851 255 917 613 946 672 867 789 51 599
482 247 965 119 198 418 358 34 600 699 330 929 984 588 696 434
688 146 88 496 779 785 735 104 442 790 390 26 758 689 304 319
225 273 839 27 797 575 710 731 852 604 617 838 502 608 839 113
298 935 53 613 376 303 279 678 812 540 913 667 638 143 596 200
50 50
458 294 929 382 361 723 838 99 627 80 841 60 692 74 558 163 769 662 505 433 278 557 171 58 735 619 97 756 934 812 180 818 994 648 485 305 52 294 958 453 942 436 239 519 186 136 253 156 596 565
905 15 921 572 544 384 793 116 684 2 907 930 896 342 606 193 239 360 599 797 626 301 513 645 661 154 927 497 234 427 335 896 318 207 797 464 893 710 200 528 710 270 953 799 483 287 496 904 161 945
611 557 150 171 426 631 105 830 727 208 34 940 883 718 272 33 856 793 62 244 406 742 425 802 667 915 942 599 777 52 154 909 550 388 219 759 857 746 524 897 885 731 1 392 291 193 455 208 468 340
152 473 970 109 896 372 442 517 45 310 922 586 783 703 663 707 283 63 254 428 633 155 70 757 554 606 653 499 321 973 341 744 313 962 653 561 318 279 281 190 390 186 148 625 600 755 653 900 149 711
856 798 842 534 131 751 585 302 150 493 1000 584 170 535 763 443 181 782 792 442 521 736 887 79 100 393 227 311 837 406 161 272 977 563 869 689 730 412 47 88 24 9 32 220 589 797 222 599 458 81
947 531 651 992 285 915 140 92 589 712 899 731 468 955 210 257 71 804 526 234 662 814 995 728 947 891 171 229 758 88 230 313 294 767 322 75 693 647 443 63 752 223 83 791 910 803 707 800 648 319
937 716 76 176 956 391 337 125 879 192 662 514 487 896 773 293 789 10 111 210 546 182 824 771 62 205 673 780 612 220 910 380 850 81 473 851 929 537 944 350 677 742 991 593 218 102 960 225 118 686
230 192 760 886 416 667 41 681 646 787 495 742 734 184 501 263 489 275 389 807 419 929 773 560 688 203 108 322 948 43 266 709 788 120 772 369 127 108 539 356 749 460 262 281 784 461 95 920 571 274
932 760 876 400 862 597 976 200 898 450 483 480 269 149 614 157 503 956 15 126 704 317 937 641 170 448 257 531 546 54 934 41 450 597 595 646 183 198 794 272 345 659 18 157 430 984 281 114 701 723
20 296 539 724 305 316 71 140 854 125 416 663 484 214 612 561 101 185 300 831 406 201 354 728 838 356 48 803 992 253 858 62 792 498 599 623 589 446 755 644 414 824 776 835 309 99 531 818 19 836
603 724 349 118 265 156 279 783 764 30 457 579 985 932 351 507 914 288 619 232 356 370 409 122 145 694 392 659 89 743 305 985 262 872 856 514 795 248 149 771 670 326 496 293 721 447 464 367 49 693
97 437 187 3 738 926 81 29 652 499 78 723 310 11 381 930 805 855 231 469 240 905 759 155 848 338 586 636 779 203 384 709 905 473 444 729 73 929 780 826 29 961 412 433 667 128 35 500 998 251
799 469 830 459 203 894 526 545 127 413 956 81 785 659 613 185 397 134 909 494 694 220 914 522 287 346 362 442 677 213 478 528 380 227 538 302 357 140 213 447 12 985 236 226 373 390 552 259 671 913
238 767 412 610 187 144 145 133 170 814 820 410 50 407 206 906 378 593 251 409 911 339 634 117 730 272 755 114 776 908 658 799 292 520 856 129 205 244 344 833 774 947 682 956 644 379 906 741 290 626
288 456 581 172 606 137 48 446 200 354 95 311 162 289 928 223 504 575 910 830 302 769 531 497 551 629 69 464 879 924 642 583 726 334 332 606 448 794 297 191 621 789 7 935 351 930 205 505 224 433
896 191 234 937 574 606 433 918 637 650 142 579 233 789 928 334 86 823 482 971 567 490 855 32 42 605 695 362 705 266 683 249 423 386 159 117 836 456 850 714 654 317 250 682 759 648 224 857 32 752
14 452 452 737 975 967 17 713 871 524 158 884 369 900 962 806 124 468 312 686 387 319 455 103 518 429 232 872 85 620 175 426 873 323 218 392 541 182 658 763 2 516 704 609 629 991 20 409 117 160
594 370 594 520 878 833 841 8 43 467 964 880 758 280 48 404 72 291 841 189 242 923 308 138 176 291 34 247 359 445 810 357 331 182 892 707 919 425 396 168 166 211 629 862 112 377 31 117 697 769
351 760 171 119 886 390 946 260 646 723 293 220 123 582 752 562 190 211 587 455 335 493 790 441 833 801 77 894 686 719 633 34 962 91 299 955 359 707 839 691 722 162 564 229 360 409 935 256 466 562
672 84 733 561 878 45 794 290 350 413 243 614 77 518 659 818 759 3 91 361 575 545 503 862 48 864 681 832 776 578 201 956 577 369 880 53 126 805 968 898 537 859 626 171 37 796 439 345 983 722
519 826 193 523 617 485 942 512 928 951 14 783 799 113 105 81 422 374 972 90 812 696 437 197 846 348 470 365 216 892 903 84 550 75 651 723 515 663 225 704 969 454 725 321 859 470 854 821 570 379
954 774 742 835 685 430 116 223 779 163 444 640 899 417 253 340 487 708 852 427 948 666 77 51 85 418 889 486 8 241 316 237 652 602 608 104 778 249 751 528 67 543 73 824 474 981 429 369 110 537
445 705 645 243 62 496 998 752 911 755 343 664 613 408 351 905 770 600 283 688 812 531 686 680 922 517 188 875 318 515 789 478 481 49 622 917 502 786 145 85 268 795 331 769 873 16 73 872 467 422
520 290 633 506 79 107 559 845 993 104 236 340 67 120 955 408 850 77 827 743 486 843 464 906 288 583 287 608 421 747 144 555 299 488 36 257 936 304 943 739 7 37 848 634 16 304 675 824 572 190
9 383 439 771 51 337 252 952 421 861 215 706 246 284 673 779 444 943 844 991 221 479 167 727 401 59 728 142 183 977 764 531 985 700 701 497 767 245 504 558 467 12 830 766 198 406 472 873 454 42
87 614 311 748 559 262 359 203 499 590 11 637 818 307 663 251 50 401 73 852 801 195 547 700 999 784 757 229 848 970 577 720 895 766 966 164 500 885 49 477 709 763 593 929 502 512 147 244 912 713
401 96 20 60 742 810 567 475 157 672 58 619 465 439 684 917 125 331 523 960 438 258 101 757 684 853 839 350 596 100 585 991 482 550 118 309 852 261 87 449 786 832 840 481 747 12 598 98 234 29
213 269 988 248 600 126 887 363 870 888 5 143 360 27 201 348 621 210 383 800 573 227 57 702 982 564 567 357 549 798 21 241 110 492 480 176 63 817 148 195 61 290 405 253 497 589 839 814 865 76
891 686 499 525 404 100 353 282 319 773 872 580 286 856 650 940 154 824 944 440 881 132 870 937 239 162 141 614 352 879 648 781 642 445 552 866 545 803 92 863 705 431 684 20 379 164 471 930 781 399
944 604 348 817 316 814 580 807 582 434 126 60 878 674 999 769 146 648 314 523 963 477 869 873 73 792 522 759 519 766 240 213 264 459 398 274 167 514 620 207 123 466 941 660 385 538 700 908 927 897
29 37 378 462 310 739 146 399 488 61 275 709 37 149 14 258 457 802 670 882 932 757 996 636 738 629 868 698 656 676 401 107 113 902 861 475 291 458 659 46 22 824 221 608 581 377 730 131 891 385
402 618 540 235 869 482 749 975 991 361 592 173 271 839 479 647 544 288 306 70 786 512 997 595 936 552 805 813 317 961 988 423 615 386 929 241 669 655 412 30 799 87 455 366 70 967 722 76 300 55
127 964 91 396 751 964 22 559 176 52 28 269 803 341 84 550 657 968 494 377 157 415 828 346 289 899 5 587 912 473 970 626 881 956 597 124 326 143 201 636 65 15 810 562 733 800 723 314 366 223
950 252 330 754 924 529 608 371 885 797 692 93 468 795 277 119 77 137 400 650 87 224 98 6 283 852 415 989 294 975 179 989 527 733 131 157 309 235 725 694 935 67 65 653 581 932 111 938 513 647
263 194 136 816 41 265 741 58 64 297 765 793 491 68 569 632 582 667 644 693 457 988 887 964 978 494 45 608 222 383 517 358 632 384 274 907 724 499 408 999 175 240 736 7 795 50 181 631 962 75
14 577 577 122 893 286 400 504 223 980 3 646 430 380 898 164 138 6 545 733 356 471 657 139 92 607 117 705 373 638 266 818 556 564 246 201 434 913 307 789 919 844 493 687 654 479 990 108 909 313
222 216 218 600 164 637 660 159 990 61 234 738 519 817 529 991 700 78 783 286 74 182 706 804 75 231 229 281 820 591 170 490 171 502 8 962 136 3 574 878 819 61 261 326 662 103 52 971 847 367
448 444 597 623 628 850 392 917 550 969 660 581 972 928 937 928 796 62 444 585 122 598 362 87 463 716 256 558 494 57 149 993 789 496 736 974 711 64 860 724 742 135 159 877 927 688 104 451 701 241
817 489 996 731 726 645 195 7 41 109 787 831 512 53 959 824 390 846 920 987 187 709 937 134 301 205 593 57 683 735 438 266 754 470 676 896 811 8 129 23 978 383 657 242 779 935 201 26 300 603
520 118 170 377 396 358 179 94 797 827 445 793 405 124 985 516 721 80 804 243 158 451 593 645 311 473 864 693 117 609 589 622 879 382 684 646 820 954 453 716 191 777 864 247 184 923 569 375 162 135
354 767 532 161 479 271 289 985 263 650 662 61 421 691 67 623 59 701 197 115 61 549 487 218 846 389 470 115 346 833 719 395 626 136 231 210 690 495 240 367 449 976 616 926 283 820 857