100
5 5
639 206 744 640 657
597 702 195 218 130
310 369 243 269 495
815 496 665 589 84
740 624 853 648 732
3 3
90 82 218
479 729 784
847 152 241
10 10
485 721 765 474 597 416 893 908 266 848
724 39 430 371 529 128 759 360 164 541
542 770 4 546 917 631 412 155 171 568
520 261 425 89 591 786 747 326 808 679
870 843 412 809 803 223 50 945 660 823
159 210 731 239 743 496 424 241 884 522
940 204 918 495 388 717 374 186 107 868
374 956 798 869 412 530 961 816 879 824
332 854 827 903 12 316 936 150 116 524
359 21 163 587 126 123 414 515 424 438
5 5
323 937 75 778 727
423 10 264 795 5
210 908 40 49 571
95 161 328 762 886
830 49 425 221 458
3 3
377 603 886
13 42 723
980 532 790
10 10
52 515 550 575 844 584 780 64 226 25
695 179 470 514 660 553 978 823 979 853
827 104 442 838 786 128 279 14 588 72
441 164 188 598 419 480 225 214 865 996
668 516 84 629 320 580 98 707 282 237
268 284 308 510 64 663 41 158 727 935
435 260 348 451 666 935 715 104 156 200
627 948 867 536 434 29 456 629 549 430
248 96 537 839 287 921 564 660 275 421
111 742 323 887 549 829 485 441 54 99
5 5
588 328 131 605 886
703 152 206 650 520
837 162 797 817 973
273 602 5 963 129
604 799 753 584 154
3 3
236 967 449
242 542 312
78 48 982
10 10
551 290 900 666 238 61 517 327 173 137
293 47 329 253 754 523 240 712 537 374
20 607 268 835 541 74 891 660 279 539
239 459 487 876 392 171 370 895 377 590
345 674 753 973 496 300 709 427 94 307
648 941 152 437 139 425 290 761 292 439
337 910 492 276 61 968 629 991 209 548
408 569 691 125 976 245 216 638 333 314
114 790 910 701 570 208 641 767 110 470
915 176 783 29 790 168 668 207 566 927
5 5
317 286 388 512 267
281 834 337 117 814
401 297 699 102 498
307 186 441 401 465
160 750 553 555 983
3 3
153 266 891
826 68 256
831 514 506
10 10
360 371 174 261 975 519 362 927 751 512
119 162 615 340 214 67 956 767 851 807
250 336 302 763 502 479 402 817 506 586
922 244 448 93 478 404 65 338 497 182
109 915 157 852 60 548 373 932 715 731
210 415 764 369 373 482 53 510 998 343
202 671 812 915 321 845 193 913 659 410
767 977 548 85 159 7 110 344 844 631
507 223 562 305 600 649 844 533 212 819
298 558 784 331 133 957 332 26 839 392
5 5
352 695 798 233 443
451 759 919 19 718
997 440 329 168 83
591 221 90 411 182
76 962 377 740 538
3 3
688 772 660
516 88 389
343 298 45
10 10
537 357 768 922 848 489 587 494 577 655
183 520 141 215 665 335 352 350 335 823
835 412 252 363 782 863 203 697 760 507
759 671 233 586 309 982 914 495 163 579
212 497 93 260 618 498 245 19 165 783
740 502 944 265 363 95 944 454 345 349
441 256 653 253 476 980 523 311 662 894
974 775 144 736 634 521 13 76 626 678
243 369 186 935 110 817 846 608 208 421
149 981 699 323 566 219 932 669 884 63
5 5
167 628 54 169 117
827 635 963 655 859
564 759 187 332 853
499 537 309 268 675
509 93 8 188 351
3 3
926 430 711
908 307 459
228 96 513
10 10
668 408 975 777 730 948 206 845 45 733
621 823 381 624 738 880 856 324 393 623
714 690 470 73 808 245 817 814 280 165
217 337 600 379 370 805 540 588 138 210
746 65 740 510 18 409 974 693 429 854
952 132 503 828 750 527 342 230 198 67
282 522 60 882 232 318 812 399 599 187
283 6 719 617 913 883 455 436 529 315
711 789 211 594 52 838 850 572 517 366
779 206 567 480 425 614 192 497 282 690
5 5
233 657 897 510 118
233 540 915 724 821
386 99 63 514 433
208 821 7 314 244
937 167 272 562 727
3 3
520 430 242
12 995 181
466 718 440
10 10
180 971 557 154 188 371 143 641 382 945
345 530 975 258 694 119 449 189 686 977
494 448 277 89 971 198 455 810 475 105
300 769 797 484 679 564 115 237 795 708
905 848 638 913 693 243 39 280 267 205
812 363 693 538 546 70 520 957 714 309
595 953 232 303 775 164 586 571 253 937
828 987 958 560 325 822 790 222 102 110
635 461 173 417 698 982 268 755 146 45
888 952 448 729 385 539 895 672 972 902
5 5
818 585 983 269 813
583 932 625 750 4
577 324 863 981 639
985 99 130 675 106
340 945 809 544 896
3 3
714 241 192
3 735 933
937 760 635
10 10
948 411 478 97 884 26 716 456 239 115
467 215 10 430 657 980 163 588 430 166
99 321 332 614 841 167 216 790 405 76
518 778 174 81 848 557 802 917 82 199
130 657 217 58 826 45 66 276 577 470
886 698 200 986 565 684 249 57 381 641
209 73 780 615 703 704 197 991 924 379
424 518 727 342 175 780 518 454 187 424
257 538 359 733 946 521 1 910 271 772
766 710 844 496 930 908 713 214 771 590
5 5
415 495 683 877 453
13 835 824 882 641
485 469 94 328 497
258 53 377 163 467
38 993 931 430 851
3 3
70 552 421
366 657 250
956 629 851
10 10
206 213 735 712 447 638 136 256 315 642
966 799 348 150 706 482 652 900 885 760
692 339 526 149 625 861 626 293 980 488
774 233 935 638 8 599 26 813 44 284
1000 114 877 216 564 269 150 328 580 878
496 881 305 351 958 742 688 574 35 164
868 355 895 112 605 546 827 862 859 816
116 583 81 873 111 12 59 75 199 429
116 67 951 857 680 921 144 664 19 134
131 710 589 206 8 326 643 991 559 539
5 5
441 484 659 376 689
978 390 943 522 787
904 490 446 113 777
680 769 425 975 784
895 589 270 562 128
3 3
776 842 743
488 25 17
326 110 404
10 10
939 5 368 698 153 96 667 597 441 110
949 798 855 828 632 528 546 95 491 187
865 919 151 108 139 995 510 268 830 626
264 341 191 585 814 734 176 703 894 600
780 735 775 826 637 589 132 713 585 756
75 650 95 968 331 578 820 303 430 101
360 343 468 810 351 753 953 643 946 464
811 622 591 667 670 88 486 747 828 765
338 137 681 946 427 370 218 180 561 388
665 850 540 463 711 759 584 648 88 378
5 5
832 807 508 831 346
208 951 803 875 268
778 774 507 301 30
147 951 878 541 601
831 965 226 499 766
3 3
716 37 905
269 880 848
391 712 567
10 10
566 832 478 925 43 78 666 392 475 18
603 581 755 345 255 497 303 946 739 683
155 423 836 109 69 157 101 971 739 981
680 406 686 723 987 453 888 655 805 120
673 188 530 291 640 730 281 865 18 788
542 45 989 39 32 136 119 839 165 311
471 102 415 630 898 91 387 316 128 448
19 408 607 105 545 645 980 838 5 314
138 386 57 595 799 54 78 656 926 818
878 350 633 839 319 895 57 853 363 946
5 5
796 969 199 188 46
575 749 10 832 797
501 207 269 319 924
235 710 373 688 488
881 273 277 919 973
3 3
204 984 73
115 994 804
124 376 769
10 10
309 89 426 634 258 422 163 144 495 474
669 160 131 856 777 621 377 64 196 660
258 223 410 252 736 734 391 393 114 941
723 166 590 191 881 303 419 248 900 1
25 716 243 825 556 640 20 394 57 879
293 792 176 723 677 325 735 964 150 540
529 739 680 866 200 498 365 443 151 988
763 101 568 941 830 825 129 422 830 30
687 586 955 838 591 403 756 430 362 761
204 854 133 98 755 461 361 300 318 60
5 5
144 466 317 617 345
988 471 464 502 422
30 402 897 836 577
471 284 687 579 205
530 728 639 960 377
3 3
432 188 590
958 770 73
536 687 689
10 10
255 826 899 784 166 270 727 714 159 168
817 604 199 19 141 422 541 608 864 667
659 359 135 680 520 947 491 447 984 220
94 564 605 16 554 762 549 57 169 937
606 524 776 872 855 222 129 4 345 168
425 649 88 842 947 804 652 840 813 475
742 54 639 202 548 729 968 120 407 806
527 164 813 440 497 481 925 696 84 334
871 3 658 505 412 238 157 832 971 927
464 125 667 553 779 881 668 190 399 14
5 5
68 308 710 610 567
259 140 472 267 195
771 806 706 893 21
678 440 61 909 811
815 156 454 661 97
3 3
813 747 315
516 440 372
453 91 76
10 10
804 552 647 869 684 839 280 988 589 179
682 761 363 797 156 299 305 626 663 386
378 363 240 848 168 513 567 993 975 89
581 556 721 549 519 636 541 314 776 28
408 7 115 707 783 447 699 299 266 745
458 35 229 835 102 106 136 94 3 184
944 832 706 138 867 624 763 355 96 178
480 716 651 102 943 560 208 547 163 278
504 480 471 850 905 781 120 561 431 73
172 461 464 917 597 874 768 106 364 178
5 5
456 467 364 72 681
509 1 294 31 930
790 386 730 364 839
318 603 748 609 404
826 73 991 466 285
3 3
921 706 529
111 293 978
284 772 119
10 10
582 728 545 373 209 350 590 764 735 276
809 881 439 1 606 550 414 735 347 945
22 567 291 679 141 29 946 525 637 47
621 150 43 368 746 963 888 118 394 683
288 140 310 692 281 36 633 797 973 565
893 532 948 364 790 735 131 69 325 202
578 894 189 922 592 6 429 227 333 970
548 736 453 261 898 586 720 955 180 717
378 481 802 1 718 215 817 255 639 114
886 943 444 916 639 666 720 651 330 704
5 5
753 74 738 203 703
372 887 500 927 757
665 171 796 27 293
994 686 447 807 654
926 844 771 903 41
3 3
177 119 625
771 245 187
807 725 94
10 10
785 317 309 525 37 186 597 228 544 279
803 585 586 336 901 260 443 625 193 490
10 800 723 980 367 924 414 28 337 462
645 834 518 495 113 46 275 362 598 612
386 839 397 390 484 110 284 572 166 637
140 482 311 126 782 398 664 486 458 353
312 798 577 740 969 966 407 92 734 239
471 999 883 493 106 978 249 727 846 683
123 706 485 259 486 512 742 110 205 308
909 477 25 691 472 981 894 495 42 391
5 5
296 12 489 402 890
974 684 354 313 457
86 96 327 635 845
261 192 248 725 339
599 583 832 134 924
3 3
580 203 373
269 486 809
887 450 953
10 10
553 942 258 351 897 836 63 454 107 467
763 606 547 46 841 488 707 681 299 98
47 279 427 228 386 490 123 834 38 509
17 229 592 934 967 403 73 808 559 87
953 909 265 571 726 800 720 984 882 735
373 125 863 321 766 918 919 990 724 77
647 670 373 725 676 513 17 75 471 291
386 855 361 188 459 446 36 975 100 631
257 690 478 832 865 329 577 63 562 36
83 63 173 183 804 742 537 114 311 599
5 5
908 538 539 358 856
864 33 774 922 768
72 564 150 400 723
886 323 74 957 654
411 316 464 58 576
3 3
416 207 153
985 969 540
536 509 650
10 10
6 382 72 549 13 971 158 251 612 82
249 320 118 781 130 560 133 80 651 820
891 802 819 7 160 226 9 635 601 356
795 963 231 76 579 93 437 208 193 551
128 972 403 307 264 692 576 453 178 567
753 197 549 656 415 574 9 47 797 889
857 794 44 195 817 493 380 584 334 780
605 422 284 58 758 16 351 990 96 965
508 596 915 208 531 592 304 246 481 582
717 386 525 185 622 493 37 76 955 198
5 5
777 164 720 116 979
358 430 1000 714 310
452 413 642 325 245
310 996 568 680 606
837 716 441 933 40
3 3
238 296 377
50 475 630
728 136 330
10 10
137 583 757 825 556 706 41 864 74 184
708 970 908 147 532 629 703 353 628 413
139 477 577 45 570 702 970 966 950 426
398 907 390 109 642 331 680 212 12 555
815 877 762 167 931 165 57 279 302 611
632 625 728 513 596 236 896 832 590 203
181 823 304 717 35 489 144 809 950 626
40 581 889 343 584 910 43 886 485 484
340 73 204 328 71 882 999 725 185 112
964 681 129 308 958 244 547 922 795 278
5 5
459 577 191 632 440
531 540 518 678 681
997 82 623 127 701
470 634 213 577 988
399 833 345 656 636
3 3
550 598 61
830 265 205
706 673 298
10 10
411 612 847 318 789 159 360 756 264 134
198 150 245 395 153 617 142 984 168 566
473 939 410 750 59 570 106 45 20 511
272 569 315 825 36 675 69 504 461 393
556 244 466 944 8 861 936 784 353 986
288 744 563 307 507 91 308 697 530 180
792 234 267 738 128 229 969 577 973 429
793 84 763 405 239 585 10 292 5 531
310 572 154 709 857 162 811 363 584 683
196 606 216 303 18 392 734 574 928 942
5 5
317 307 58 410 448
472 465 734 191 163
99 675 580 88 260
948 596 993 146 398
594 672 63 612 119
3 3
843 50 244
490 581 256
826 20 918
10 10
413 733 746 874 416 235 437 627 494 459
477 562 745 870 807 813 382 898 460 188
689 123 430 39 216 955 383 727 845 695
678 500 622 622 560 234 327 368 765 482
85 115 948 279 439 251 136 12 487 400
702 400 21 353 992 653 714 688 742 19
478 404 807 119 327 256 467 235 875 81
314 771 969 314 808 825 728 202 581 94
835 888 894 168 711 763 946 245 790 101
17 389 730 57 966 260 401 600 318 325
5 5
473 815 49 584 478
480 778 14 719 719
242 193 59 661 361
809 205 550 258 882
436 810 815 893 500
3 3
580 244 209
691 551 199
296 427 927
10 10
766 94 64 593 927 473 337 962 141 568
340 194 214 848 98 886 320 390 529 785
978 729 910 995 602 898 849 226 158 632
693 482 827 530 230 799 612 307 580 670
821 904 912 750 47 277 602 57 910 389
204 690 164 882 946 127 709 572 260 455
991 571 164 168 799 229 969 248 872 361
620 905 488 911 53 505 14 335 757 306
97 371 333 157 241 91 481 808 144 13
353 470 100 527 969 741 400 579 521 25
5 5
107 162 801 42 175
721 949 602 760 893
119 420 393 915 733
616 765 182 880 530
728 914 939 808 871
3 3
642 150 727
541 679 853
71 474 372
10 10
809 440 474 997 129 576 252 653 40 185
70 69 403 660 4 240 329 440 426 278
861 797 128 903 257 974 926 255 979 647
100 616 813 711 820 215 960 573 695 531
119 506 116 749 914 234 655 246 839 592
601 653 284 929 890 672 915 419 745 257
200 154 551 822 225 860 640 866 401 511
435 853 346 991 385 346 652 636 171 424
689 374 416 153 411 768 418 471 507 626
873 433 442 750 636 153 99 264 10 423
5 5
832 481 672 87 580
516 852 600 492 157
90 774 389 996 127
836 703 455 77 310
462 211 503 490 171
3 3
38 983 163
76 765 421
102 876 560
10 10
449 567 188 9 93 161 442 776 707 344
707 634 549 244 876 889 470 661 111 783
696 838 221 502 858 425 39 728 561 693
966 924 742 355 470 17 410 41 10 434
680 62 527 289 765 350 368 307 245 850
769 504 159 530 706 936 643 720 358 330
756 465 833 269 86 797 139 605 995 825
640 62 861 33 877 692 509 465 561 149
725 265 684 810 538 944 983 692 294 466
834 876 387 823 574 571 118 309 471 902
5 5
942 322 150 720 725
428 254 298 368 530
724 594 379 50 443
493 130 240 560 817
79 273 754 14 39
3 3
743 16 217
114 536 223
555 82 799
10 10
517 948 198 167 693 390 39 266 472 345
946 41 228 698 922 8 817 365 519 729
353 676 743 345 617 410 91 977 940 645
315 821 827 939 374 641 79 516 309 20
312 884 778 418 439 709 301 934 781 770
958 488 375 572 177 618 790 21 939 254
539 410 769 428 395 828 678 435 647 106
106 715 951 559 453 290 351 758 236 772
808 49 832 397 356 124 883 681 575 35
483 732 875 238 472 741 354 713 721 303
5 5
271 260 781 862 886
346 602 139 167 481
614 812 153 925 159
967 198 949 734 647
191 413 861 32 498
3 3
506 148 855
147 563 914
276 126 385
10 10
999 917 420 34 722 430 395 265 837 549
178 496 592 454 278 282 263 845 807 771
670 230 189 616 650 178 400 9 609 676
637 48 863 54 686 289 590 944 622 72
271 217 86 724 994 473 940 767 843 810
965 194 221 626 511 588 183 843 673 804
293 147 157 195 56 117 406 617 703 822
975 145 737 681 259 414 326 29 478 71
953 356 408 466 23 717 30 130 774 328
807 308 590 19 908 108 484 287 147 809
5 5
658 575 431 461 554
170 74 811 245 122
827 472 315 664 20
539 805 426 795 801
420 157 121 995 906
3 3
3 638 935
613 496 944
321 779 268
10 10
831 772 579 753 188 785 359 757 774 50
497 510 383 144 713 4 476 941 521 598
341 331 294 462 51 262 956 268 297 409
585 853 80 835 405 671 594 266 533 242
661 287 70 248 884 578 407 71 87 361
500 237 587 840 269 515 197 56 852 272
236 839 945 277 793 952 958 377 356 348
657 284 879 521 309 183 724 758 44 92
308 26 287 951 18 840 880 96 359 357
989 321 161 421 293 950 468 620 387 63
5 5
902 581 995 276 348
164 71 676 788 722
137 216 182 147 967
902 630 476 235 548
440 31 910 272 651
3 3
847 835 508
977 496 61
190 947 235
10 10
565 545 313 155 968 180 581 849 876 447
513 815 440 85 329 858 173 112 183 505
382 222 723 357 834 656 301 525 573 198
509 221 96 869 808 529 321 254 138 89
151 570 216 190 108 839 550 432 169 213
706 907 641 645 864 71 880 307 837 521
949 558 577 778 837 788 711 722 536 963
171 811 107 282 704 723 908 447 793 95
777 210 950 506 919 809 631 445 760 865
915 557 82 692 782 479 261 524 749 818
5 5
206 542 499 447 928
43 700 538 574 468
662 349 570 863 254
695 320 837 375 35
368 367 716 820 600
3 3
155 593 24
275 242 307
549 704 753
10 10
963 975 808 466 36 255 60 157 433 692
594 397 991 378 91 409 758 840 840 560
560 308 172 80 466 598 203 873 337 558
856 605 93 754 347 162 293 146 316 204
455 716 910 355 695 472 324 247 892 282
538 261 358 167 599 321 334 467 740 736
693 794 857 150 29 918 377 189 624 486
15 200 668 654 536 346 156 670 875 400
85 755 757 871 124 984 70 748 922 829
330 27 217 806 34 219 737 407 876 211
5 5
70 153 520 921 775
155 86 226 627 382
173 424 534 162 875
375 816 733 287 304
663 233 474 101 360
3 3
836 270 71
636 290 712
978 58 517
10 10
266 347 252 296 921 2 881 631 980 340
898 901 514 267 702 654 306 813 403 638
194 261 953 909 343 613 941 526 124 928
358 111 466 13 905 103 569 669 209 279
111 605 893 543 28 156 323 477 234 79
432 458 162 307 667 662 562 721 884 736
724 309 406 834 176 781 505 807 776 284
762 741 89 602 153 699 171 662 553 281
95 120 193 693 37 139 261 907 310 206
471 112 827 409 554 437 935 960 337 563
5 5
570 805 407 309 862
882 414 702 658 207
604 219 510 710 231
103 17 211 755 408
267 133 598 681 621
3 3
413 48 734
330 568 449
786 186 591
10 10
17 768 38 292 593 425 249 945 92 186
686 310 180 127 118 4 719 220 397 51
65 571 387 427 305 110 534 61 506 466
875 151 307 453 136 18 994 303 295 924
128 68 796 565 758 664 935 297 632 526
302 144 405 1000 747 610 887 20 454 345
634 82 552 787 616 831 474 504 990 635
344 394 492 851 484 7 992 939 899 540
408 796 189 202 163 865 728 698 724 813
875 861 650 520 136 154 198 373 872 434
5 5
373 966 999 603 979
731 561 253 73 349
273 16 255 863 492
218 390 572 117 534
937 624 721 271 288
3 3
786 212 253
85 261 809
297 823 116
10 10
824 303 971 366 887 937 103 381 888 543
613 428 475 694 261 304 556 407 672 39
304 972 842 827 978 703 658 63 791 703
999 499 657 757 638 208 344 204 784 881
290 736 358 35 249 352 674 976 137 419
34 45 193 709 767 694 135 163 416 329
554 973 291 160 54 873 354 564 394 402
101 714 691 522 835 612 298 355 771 525
960 802 453 720 767 595 918 888 501 541
116 877 55 918 25 219 507 717 798 451
5 5
788 67 270 553 55
272 163 798 263 631
564 487 939 669 854
928 569 386 589 282
105 272 505 771 569
3 3
626 466 62
329 383 592
852 251 85
10 10
304 224 964 460 416 403 661 506 972 368
395 900 252 353 330 158 696 245 875 514
907 136 513 276 161 478 95 108 685 208
955 265 627 789 327 142 594 577 924 685
504 367 977 542 132 150 511 468 393 540
123 496 509 461 575 768 925 468 29 444
39 376 649 800 533 249 25 859 789 908
884 31 278 608 706 251 299 31 924 822
343 573 655 98 46 903 483 720 366 870
192 325 251 563 682 771 524 264 96 10
5 5
226 447 740 875 775
556 191 212 153 632
203 102 712 934 953
66 230 462 489 480
785 88 408 130 107
